
FOR X1
TT: 
1010001110011110011001110100101110100101111000000000110010011000
SEQUENCE:
 -1 1 -1 1 1 1 -1 -1 -1 1 1 -1 -1 -1 -1 1 1 -1 -1 1 1 -1 -1 -1 1 -1 1 1 -1 1 -1 -1 -1 1 -1 1 1 -1 1 -1 -1 -1 -1 1 1 1 1 1 1 1 1 1 -1 -1 1 1 -1 1 1 -1 -1 1 1 1
ANF: 
1100111000101001101011110001000000000000000000000000000000000000000000000000000000000000000000000000000000000000000000000000000000000000000000000000000000000000000000000000000000000000000000000000000000000000000000000000000000000000000000000000000000000000
WHT: 
4, -8, -4, 0, 4, -8, -4, 0, 0, 4, 8, 12, 8, -20, 0, 4, -4, -8, 4, 0, -12, -16, -4, -8, 0, -4, 8, -12, 0, -4, -8, 4, -12, 0, 12, 8, 12, 8, -12, 0, 0, -4, 8, 4, -16, -4, -8, 4, 4, -8, -4, -16, 4, 8, 12, -16, 8, -4, 0, 4, 0, 4, -8, 12
NL: 118.0
WEIGHT: 30
DEGREE: 4
TERMS: 15
BALANCE: False
0 1 3 5 13 23 24 25 34 35 135 235 1234 1235 1245 

FOR X2
TT: 
1001011001110010010001001011011010011110100111101001010101110111
SEQUENCE:
 -1 1 1 -1 1 -1 -1 1 1 -1 -1 -1 1 1 -1 1 1 -1 1 1 1 -1 1 1 -1 1 -1 -1 1 -1 -1 1 -1 1 1 -1 -1 -1 -1 1 -1 1 1 -1 -1 -1 -1 1 -1 1 1 -1 1 -1 1 -1 1 -1 -1 -1 1 -1 -1 -1
ANF: 
0100000000010100000100000001010100000000000000000000000000000000000000000000000000000000000000000000000000000000000000000000000000000000000000000000000000000000000000000000000000000000000000000000000000000000000000000000000000000000000000000000000000000000
WHT: 
-6, 6, 2, 6, -2, 2, 6, -30, 10, 6, -14, -10, 6, -6, -2, -6, -2, -14, -2, -6, 2, 14, 2, -10, -10, -6, 6, 2, 2, -2, 2, -10, 10, -2, 2, 14, -10, 2, -2, 2, 2, 6, -6, 6, 6, 2, -2, 2, -2, 10, 14, 2, -6, -2, -6, 6, -2, -6, -2, -14, 2, -10, 2, -18
NL: 113.0
WEIGHT: 35
DEGREE: 5
TERMS: 7
BALANCE: False
1 124 125 134 1245 1345 12345 

FOR X3
TT: 
0001110011101011101100011011111101111000111101110111100111111010
SEQUENCE:
 1 1 1 -1 -1 -1 1 1 -1 -1 -1 1 -1 1 -1 -1 -1 1 -1 -1 1 1 1 -1 -1 1 -1 -1 -1 -1 -1 -1 1 -1 -1 -1 -1 1 1 1 -1 -1 -1 -1 1 -1 -1 -1 1 -1 -1 -1 -1 1 1 -1 -1 -1 -1 -1 -1 1 -1 1
ANF: 
0001011101001011010011110000011000000000000000000000000000000000000000000000000000000000000000000000000000000000000000000000000000000000000000000000000000000000000000000000000000000000000000000000000000000000000000000000000000000000000000000000000000000000
WHT: 
-20, -4, 8, -8, -12, 4, 8, 8, 20, 12, 0, -8, -4, 4, 16, 8, 4, 4, -8, 8, 4, 4, 0, 0, 4, -4, -8, 0, 4, 12, 16, -8, 4, -4, 0, -8, 12, -12, 0, -8, 4, 4, 0, 0, -4, -4, 0, -16, 4, -4, -8, 0, 4, 12, 0, 8, -4, 12, 0, 0, 12, -4, 8, -8
NL: 118.0
WEIGHT: 42
DEGREE: 4
TERMS: 15
BALANCE: False
12 13 14 15 23 34 35 123 135 234 235 1234 1235 1345 2345 

FOR X4
TT: 
1011011011001110001000010010001110111011000011001100101000111001
SEQUENCE:
 -1 1 -1 -1 1 -1 -1 1 -1 -1 1 1 -1 -1 -1 1 1 1 -1 1 1 1 1 -1 1 1 -1 1 1 1 -1 -1 -1 1 -1 -1 -1 1 -1 -1 1 1 1 1 -1 -1 1 1 -1 -1 1 1 -1 1 -1 1 1 1 -1 -1 -1 1 1 -1
ANF: 
0001100110011100101010011101011100000000000000000000000000000000000000000000000000000000000000000000000000000000000000000000000000000000000000000000000000000000000000000000000000000000000000000000000000000000000000000000000000000000000000000000000000000000
WHT: 
2, -14, 6, -2, 6, -2, 2, 2, -6, -6, 6, -2, -10, -2, -6, -6, -10, -2, -14, 2, 2, 2, 6, -18, -10, -2, 26, -6, -6, -6, 6, -2, 2, 2, 6, 14, -2, -10, -6, -6, 10, 10, 6, -2, -2, -10, 18, 2, -10, -2, -14, 2, -6, 10, -2, -10, 6, -2, -6, 10, 2, 2, -2, -10
NL: 115.0
WEIGHT: 31
DEGREE: 5
TERMS: 17
BALANCE: False
3 4 5 12 25 34 35 45 123 124 134 145 1235 1245 1345 2345 12345 

FOR X5
TT: 
0110100011101101000111010100010001101101011101010111000000110101
SEQUENCE:
 1 -1 -1 1 -1 1 1 1 -1 -1 -1 1 -1 -1 1 -1 1 1 1 -1 -1 -1 1 -1 1 -1 1 1 1 -1 1 1 1 -1 -1 1 -1 -1 1 -1 1 -1 -1 -1 1 -1 1 -1 1 -1 -1 -1 1 1 1 1 1 1 -1 -1 1 -1 1 -1
ANF: 
0000100111111011111100111111000100000000000000000000000000000000000000000000000000000000000000000000000000000000000000000000000000000000000000000000000000000000000000000000000000000000000000000000000000000000000000000000000000000000000000000000000000000000
WHT: 
0, 20, -4, 8, -4, -8, 16, 20, 4, -8, 0, -4, 0, 12, 4, 8, -12, -8, -8, 4, 0, -4, -4, 16, 8, -4, -4, 8, 4, 0, 0, 4, 4, -8, -16, -4, 8, 4, -4, 0, 0, 4, 12, -8, 4, 0, 8, -4, 0, -12, 4, 0, -12, 0, 0, 4, 12, 0, 0, 12, -16, 12, -4, 0
NL: 118.0
WEIGHT: 32
DEGREE: 5
TERMS: 20
BALANCE: False
3 4 5 14 15 24 25 34 45 123 124 125 145 234 235 245 1234 1235 1245 12345 

FOR X6
TT: 
0100100000000100110000100100111010110110110110001000110100100001
SEQUENCE:
 1 -1 1 1 -1 1 1 1 1 1 1 1 1 -1 1 1 -1 -1 1 1 1 1 -1 1 1 -1 1 1 -1 -1 -1 1 -1 1 -1 -1 1 -1 -1 1 -1 -1 1 -1 -1 1 1 1 -1 1 1 1 -1 -1 1 -1 1 1 -1 1 1 1 1 -1
ANF: 
0000101001011101010100011011001000000000000000000000000000000000000000000000000000000000000000000000000000000000000000000000000000000000000000000000000000000000000000000000000000000000000000000000000000000000000000000000000000000000000000000000000000000000
WHT: 
14, -2, -14, 2, 2, 2, -2, -2, -6, -6, -2, -2, -2, -2, -6, -6, 2, 2, -2, -2, -10, 6, 10, -6, -2, -2, 10, 10, 2, 2, 6, 6, 10, 2, -10, 14, 6, 14, -6, 2, 6, -2, 2, -6, -14, 10, -10, 14, 14, 6, 2, -6, 10, -14, 6, 14, -6, 2, -18, -10, 6, 14, 2, 10
NL: 119.0
WEIGHT: 25
DEGREE: 4
TERMS: 14
BALANCE: False
3 14 15 23 34 45 124 125 134 245 1234 1235 1245 2345 

FOR X7
TT: 
0001100101111001001001001100000011000101111011100111000100011010
SEQUENCE:
 1 1 1 -1 -1 1 1 -1 1 -1 -1 -1 -1 1 1 -1 1 1 -1 1 1 -1 1 1 -1 -1 1 1 1 1 1 1 -1 -1 1 1 1 -1 1 -1 -1 -1 -1 1 -1 -1 -1 1 1 -1 -1 -1 1 1 1 -1 1 1 1 -1 -1 1 -1 1
ANF: 
0000011101101010011011010001001000000000000000000000000000000000000000000000000000000000000000000000000000000000000000000000000000000000000000000000000000000000000000000000000000000000000000000000000000000000000000000000000000000000000000000000000000000000
WHT: 
6, 6, -2, -2, -6, 2, 2, 10, 6, 14, 6, -2, 2, -14, 2, 2, -14, 2, -6, -6, 6, -2, -2, 6, 10, 2, -6, -14, 6, 6, -10, -10, 10, 2, 2, -6, -2, -2, 6, 6, 2, -14, 2, 2, 14, 6, 14, -10, -2, 6, 22, -18, 2, 18, 10, 10, -2, -2, -2, -2, -6, 2, -6, 2
NL: 117.0
WEIGHT: 29
DEGREE: 4
TERMS: 14
BALANCE: False
13 14 15 23 24 25 34 35 123 135 234 1235 1245 2345 

FOR X8
TT: 
1100110001000010011000101010000011100011010010101101001011011011
SEQUENCE:
 -1 -1 1 1 -1 -1 1 1 1 -1 1 1 1 1 -1 1 1 -1 -1 1 1 1 -1 1 -1 1 -1 1 1 1 1 1 -1 -1 -1 1 1 1 -1 -1 1 -1 1 1 -1 1 -1 1 -1 -1 1 -1 1 1 -1 1 -1 -1 1 -1 -1 1 -1 -1
ANF: 
0000000000100010001001110010000100000000000000000000000000000000000000000000000000000000000000000000000000000000000000000000000000000000000000000000000000000000000000000000000000000000000000000000000000000000000000000000000000000000000000000000000000000000
WHT: 
6, -10, -6, 10, -10, 14, -22, 2, -6, 2, -2, 6, -6, -6, -2, -2, 2, 2, -10, 6, 10, 2, -2, 6, -10, -2, -6, -14, -2, -18, 2, 2, 14, -2, -6, 10, -2, -10, 10, 2, -6, 2, -10, -2, 10, 10, 6, 6, -6, 10, -10, -10, 2, 10, -2, -10, 6, -2, -14, -6, -2, -2, 10, -6
NL: 117.0
WEIGHT: 29
DEGREE: 5
TERMS: 8
BALANCE: False
24 25 135 234 235 245 1235 12345 

FOR X9
TT: 
0111110010000001111000110000011001001001010000111110110001001001
SEQUENCE:
 1 -1 -1 -1 -1 -1 1 1 -1 1 1 1 1 1 1 -1 -1 -1 -1 1 1 1 -1 -1 1 1 1 1 1 -1 -1 1 1 -1 1 1 -1 1 1 -1 1 -1 1 1 1 1 -1 -1 -1 -1 -1 1 -1 -1 1 1 1 -1 1 1 -1 1 1 -1
ANF: 
0000000010000011111111100001111000000000000000000000000000000000000000000000000000000000000000000000000000000000000000000000000000000000000000000000000000000000000000000000000000000000000000000000000000000000000000000000000000000000000000000000000000000000
WHT: 
8, 4, -8, 4, 4, 0, -12, 16, -16, -4, -8, 4, -12, 0, 12, 8, 4, 8, 4, -8, 0, 4, 0, 4, 4, 8, -4, 0, 8, 12, 16, 4, 0, -4, 8, 4, -4, -8, 4, -16, -8, 4, 8, 4, -4, 8, -4, 8, -4, 0, -12, -8, -8, -4, 16, 4, -4, 0, -4, 16, 0, 4, 16, -12
NL: 120.0
WEIGHT: 28
DEGREE: 4
TERMS: 14
BALANCE: False
4 5 15 25 35 125 135 234 235 345 1234 1245 1345 2345 

FOR X10
TT: 
0010100011011001010101011110100000000110111010101001101011101111
SEQUENCE:
 1 1 -1 1 -1 1 1 1 -1 -1 1 -1 -1 1 1 -1 1 -1 1 -1 1 -1 1 -1 -1 -1 -1 1 -1 1 1 1 1 1 1 1 1 -1 -1 1 -1 -1 -1 1 -1 1 -1 1 -1 1 1 -1 -1 1 -1 1 -1 -1 -1 1 -1 -1 -1 -1
ANF: 
0000000000101001100111110111010100000000000000000000000000000000000000000000000000000000000000000000000000000000000000000000000000000000000000000000000000000000000000000000000000000000000000000000000000000000000000000000000000000000000000000000000000000000
WHT: 
-2, -10, -10, -2, -2, 6, -2, 6, 18, 10, 10, 2, 10, 2, 10, -14, 10, -6, 2, 2, 2, 2, 2, 2, 6, -10, -2, 14, 6, -10, 6, 6, 6, 14, -2, -10, -10, -2, 6, 14, -6, 2, 2, 10, 2, -6, 2, 10, -6, -6, 2, -14, 2, 2, 2, 2, 6, -26, -2, -2, -10, 6, 6, 6
NL: 115.0
WEIGHT: 33
DEGREE: 5
TERMS: 14
BALANCE: False
5 24 34 35 125 135 145 235 245 1234 1235 1245 1345 12345 

FOR X11
TT: 
1000100010101111100100001101000001101010000101100010010100111111
SEQUENCE:
 -1 1 1 1 -1 1 1 1 -1 1 -1 1 -1 -1 -1 -1 -1 1 1 -1 1 1 1 1 -1 -1 1 -1 1 1 1 1 1 -1 -1 1 -1 1 -1 1 1 1 1 -1 1 -1 -1 1 1 1 -1 1 1 -1 1 -1 1 1 -1 -1 -1 -1 -1 -1
ANF: 
0000000000111100110001001010010100000000000000000000000000000000000000000000000000000000000000000000000000000000000000000000000000000000000000000000000000000000000000000000000000000000000000000000000000000000000000000000000000000000000000000000000000000000
WHT: 
6, -6, 2, -2, 2, -2, 6, -6, 14, -6, -6, -2, -6, -2, -2, 10, -2, -14, -6, 6, 10, 6, -2, 2, -2, -6, -6, -2, -6, 14, -2, 10, 6, -6, -14, -18, -14, -2, -10, -6, 6, 2, 2, -10, 2, 6, 6, -14, -10, -6, 2, -2, 18, -18, 6, 10, 14, 10, -6, -2, -6, -2, -2, -6
NL: 119.0
WEIGHT: 29
DEGREE: 5
TERMS: 11
BALANCE: False
5 15 24 34 45 124 134 135 245 1345 12345 

FOR X12
TT: 
1110101101011101011000010111111110110100111001010000010011100100
SEQUENCE:
 -1 -1 -1 1 -1 1 -1 -1 1 -1 1 -1 -1 -1 1 -1 1 -1 -1 1 1 1 1 -1 1 -1 -1 -1 -1 -1 -1 -1 -1 1 -1 -1 1 -1 1 1 -1 -1 -1 1 1 -1 1 -1 1 1 1 1 1 -1 1 1 -1 -1 -1 1 1 -1 1 1
ANF: 
0000000001010011110000011110111100000000000000000000000000000000000000000000000000000000000000000000000000000000000000000000000000000000000000000000000000000000000000000000000000000000000000000000000000000000000000000000000000000000000000000000000000000000
WHT: 
-6, 10, -6, 10, -6, -14, 2, 10, 14, -10, 6, -2, -2, -2, -2, -2, -10, -2, -2, -10, -2, -2, -2, -2, -14, -14, 2, 2, -6, 2, 2, -6, -14, 2, 10, -6, 10, 18, -6, 18, -2, -10, -2, 6, -10, -10, -18, 14, 6, -2, -10, -2, 6, 6, -2, -2, -6, -6, 2, 2, 10, 2, -6, 2
NL: 119.0
WEIGHT: 35
DEGREE: 5
TERMS: 14
BALANCE: False
5 14 15 45 124 145 234 245 345 1234 1235 1345 2345 12345 

FOR X13
TT: 
0011111000011010000000111101110101011100000010101111110101001111
SEQUENCE:
 1 1 -1 -1 -1 -1 -1 1 1 1 1 -1 -1 1 -1 1 1 1 1 1 1 1 -1 -1 -1 -1 1 -1 -1 -1 1 -1 1 -1 1 -1 -1 -1 1 1 1 1 1 1 -1 1 -1 1 -1 -1 -1 -1 -1 -1 1 -1 1 -1 1 1 -1 -1 -1 -1
ANF: 
0000000010010110110011010111010000000000000000000000000000000000000000000000000000000000000000000000000000000000000000000000000000000000000000000000000000000000000000000000000000000000000000000000000000000000000000000000000000000000000000000000000000000000
WHT: 
-4, 4, -4, -4, 16, 16, 8, 0, -4, 4, 4, 4, -8, -8, 8, 0, 12, -12, 4, 4, 0, 16, 16, -8, -12, 12, -12, 4, 0, 0, 8, 0, 4, -4, 12, -4, 0, 0, 0, -8, 12, -12, 12, 12, 16, 0, -8, 0, -12, -4, 4, 4, 0, 0, 8, 0, -12, -4, -4, -4, -8, -8, 8, 0
NL: 120.0
WEIGHT: 34
DEGREE: 4
TERMS: 13
BALANCE: False
4 5 15 35 124 134 135 145 234 245 1235 1245 1345 

FOR X14
TT: 
0111100101101010000000100010010110001101111100010100110010001111
SEQUENCE:
 1 -1 -1 -1 -1 1 1 -1 1 -1 -1 1 -1 1 -1 1 1 1 1 1 1 1 -1 1 1 1 -1 1 1 -1 1 -1 -1 1 1 1 -1 -1 1 -1 -1 -1 -1 -1 1 1 1 -1 1 -1 1 1 -1 -1 1 1 -1 1 1 1 -1 -1 -1 -1
ANF: 
0000000001100001010010100011011100000000000000000000000000000000000000000000000000000000000000000000000000000000000000000000000000000000000000000000000000000000000000000000000000000000000000000000000000000000000000000000000000000000000000000000000000000000
WHT: 
4, 0, -4, 0, 8, -4, 0, 12, 8, 4, -8, -4, 4, 8, 4, 0, -12, 0, 4, -8, -16, 4, 0, 12, -8, 4, 0, -12, 12, -16, 4, 0, 8, -4, 16, 12, -4, 8, 4, 8, -4, 0, 12, -8, -8, 4, -8, -4, -8, -4, -8, 4, 4, 16, 4, 8, -4, 16, 4, 0, -16, -4, 8, 12
NL: 120.0
WEIGHT: 30
DEGREE: 5
TERMS: 11
BALANCE: False
14 15 24 35 235 245 1234 1245 1345 2345 12345 

FOR X15
TT: 
0011011000110001000000110011011100001001010001001111010000101010
SEQUENCE:
 1 1 -1 -1 1 -1 -1 1 1 1 -1 -1 1 1 1 -1 1 1 1 1 1 1 -1 -1 1 1 -1 -1 1 -1 -1 -1 1 1 1 1 -1 1 1 -1 1 -1 1 1 1 -1 1 1 -1 -1 -1 -1 1 -1 1 1 1 1 -1 1 -1 1 -1 1
ANF: 
0000000011101111010111110001100000000000000000000000000000000000000000000000000000000000000000000000000000000000000000000000000000000000000000000000000000000000000000000000000000000000000000000000000000000000000000000000000000000000000000000000000000000000
WHT: 
12, 4, 16, 8, 4, -4, 8, 0, 0, 0, -4, -4, 0, 0, -4, -4, 8, 8, -4, -4, 0, 0, 4, 4, -4, -12, 8, 0, 12, 4, 8, 0, -4, 4, 24, 0, 4, -4, 0, -8, 8, -8, -4, 12, 8, 8, -4, -4, -8, -8, 4, 4, -16, 0, 12, -4, -12, 12, -8, 16, -12, -4, 8, -16
NL: 116.0
WEIGHT: 26
DEGREE: 4
TERMS: 15
BALANCE: False
4 14 15 24 34 35 125 134 135 234 235 345 1234 1235 1245 

FOR X16
TT: 
1110110110000000111011011110001011101001101000010111011000010010
SEQUENCE:
 -1 -1 -1 1 -1 -1 1 -1 -1 1 1 1 1 1 1 1 -1 -1 -1 1 -1 -1 1 -1 -1 -1 -1 1 1 1 -1 1 -1 -1 -1 1 -1 1 1 -1 -1 1 -1 1 1 1 1 -1 1 -1 -1 -1 1 -1 -1 1 1 1 1 -1 1 1 -1 1
ANF: 
0000000011011011000000010000011100000000000000000000000000000000000000000000000000000000000000000000000000000000000000000000000000000000000000000000000000000000000000000000000000000000000000000000000000000000000000000000000000000000000000000000000000000000
WHT: 
0, -8, -4, 4, -12, -12, -8, 8, -24, 8, -12, 4, 4, -4, 8, 16, 4, -4, -8, -16, 0, -16, -4, 12, -4, -4, 0, 0, 0, 8, -4, 4, -4, -4, -16, 0, 0, -8, -4, 4, -4, 4, 0, -8, 8, -8, 4, 4, 8, 8, 4, 4, 4, 12, 8, -16, -8, 0, 4, 12, -4, -4, 0, 0
NL: 116.0
WEIGHT: 32
DEGREE: 5
TERMS: 10
BALANCE: False
4 14 34 124 234 1234 1235 1345 2345 12345 

FOR X17
TT: 
0011011011001100110110100100100101000001011110010001011010110111
SEQUENCE:
 1 1 -1 -1 1 -1 -1 1 -1 -1 1 1 -1 -1 1 1 -1 -1 1 -1 -1 1 -1 1 1 -1 1 1 -1 1 1 -1 1 -1 1 1 1 1 1 -1 1 -1 -1 -1 -1 1 1 -1 1 1 1 -1 1 -1 -1 1 -1 1 -1 -1 1 -1 -1 -1
ANF: 
0000000000000000100100110110100000000000000000000000000000000000000000000000000000000000000000000000000000000000000000000000000000000000000000000000000000000000000000000000000000000000000000000000000000000000000000000000000000000000000000000000000000000000
WHT: 
0, 8, 0, 0, 0, 8, 0, 0, 8, 0, 8, 8, 0, 8, 0, -16, 4, 4, -4, 4, -4, -4, 4, 12, 4, 4, 12, 4, 4, -12, -4, 4, 0, -8, -16, 0, 0, 8, 0, 0, -16, -8, 16, 0, -8, 0, 8, -8, -4, -4, 4, 12, 4, -12, 12, -28, 4, 4, 12, 4, 4, 4, 12, 4
NL: 114.0
WEIGHT: 32
DEGREE: 4
TERMS: 7
BALANCE: False
5 125 145 235 245 345 1235 

FOR X18
TT: 
0100111100110111001011100110100011100010000101000100111000100000
SEQUENCE:
 1 -1 1 1 -1 -1 -1 -1 1 1 -1 -1 1 -1 -1 -1 1 1 -1 1 -1 -1 -1 1 1 -1 -1 1 -1 1 1 1 -1 -1 -1 1 1 1 -1 1 1 1 1 -1 1 -1 1 1 1 -1 1 1 -1 -1 -1 1 1 1 -1 1 1 1 1 1
ANF: 
0000000000000000111001011010100100000000000000000000000000000000000000000000000000000000000000000000000000000000000000000000000000000000000000000000000000000000000000000000000000000000000000000000000000000000000000000000000000000000000000000000000000000000
WHT: 
8, -4, 0, 20, 8, 4, 8, 4, -12, -8, -12, 8, 12, 8, -12, 0, -8, 12, 8, -4, 0, -4, -8, -12, 4, -8, -4, 0, -12, 0, -12, 16, -12, 0, 4, 0, 12, 0, 4, 8, 8, 4, 0, -4, 8, -4, 8, -4, -4, 8, 4, 0, 12, 0, -4, 0, 0, 12, -16, -4, 8, 12, 0, 4
NL: 118.0
WEIGHT: 28
DEGREE: 5
TERMS: 9
BALANCE: False
5 15 25 45 135 245 345 1235 12345 

FOR X19
TT: 
0111100011100011011011111000101010011100111000001001011100110110
SEQUENCE:
 1 -1 -1 -1 -1 1 1 1 -1 -1 -1 1 1 1 -1 -1 1 -1 -1 1 -1 -1 -1 -1 -1 1 1 1 -1 1 -1 1 -1 1 1 -1 -1 -1 1 1 -1 -1 -1 1 1 1 1 1 -1 1 1 -1 1 -1 -1 -1 1 1 -1 -1 1 -1 -1 1
ANF: 
0000000000000000100101101011101000000000000000000000000000000000000000000000000000000000000000000000000000000000000000000000000000000000000000000000000000000000000000000000000000000000000000000000000000000000000000000000000000000000000000000000000000000000
WHT: 
-4, -8, 0, 4, -4, 0, 0, -4, -8, 12, -4, -8, 8, 4, 12, 0, 4, 0, -8, -4, -20, 0, 0, 12, 8, -4, -4, -8, 0, 12, 20, -8, -4, -8, 0, 4, 4, 8, -8, 20, 0, 4, 4, 16, -8, 4, 12, 16, -4, 8, 16, 4, -4, 0, 0, -4, 8, -4, -4, -8, -8, 4, -4, 0
NL: 118.0
WEIGHT: 34
DEGREE: 4
TERMS: 9
BALANCE: False
5 45 125 135 235 245 345 1245 2345 

FOR X20
TT: 
0111101000111110110011110101101010010111010011101011100000001010
SEQUENCE:
 1 -1 -1 -1 -1 1 -1 1 1 1 -1 -1 -1 -1 -1 1 -1 -1 1 1 -1 -1 -1 -1 1 -1 1 -1 -1 1 -1 1 -1 1 1 -1 1 -1 -1 -1 1 -1 1 1 -1 -1 -1 1 -1 1 -1 -1 -1 1 1 1 1 1 1 1 -1 1 -1 1
ANF: 
0000000000000000101111010011011000000000000000000000000000000000000000000000000000000000000000000000000000000000000000000000000000000000000000000000000000000000000000000000000000000000000000000000000000000000000000000000000000000000000000000000000000000000
WHT: 
-6, -10, -2, 2, 10, 22, 6, -6, -10, 2, 2, -10, -10, -14, -6, -2, -6, 6, 6, 10, 2, -2, 6, -6, 6, 2, 10, -2, -2, 10, -6, -2, -10, 2, 2, 6, -2, 10, 2, 6, 2, -2, -10, 10, 10, 6, -10, 10, 6, -14, 10, -2, -10, 2, 18, 6, 2, -2, -2, 2, -14, 14, 6, 10
NL: 117.0
WEIGHT: 35
DEGREE: 4
TERMS: 10
BALANCE: False
5 25 35 125 135 245 1235 1245 1345 2345 

FOR X21
TT: 
1000011110110010101001110111111100101110011110001101111001110110
SEQUENCE:
 -1 1 1 1 1 -1 -1 -1 -1 1 -1 -1 1 1 -1 1 -1 1 -1 1 1 -1 -1 -1 1 -1 -1 -1 -1 -1 -1 -1 1 1 -1 1 -1 -1 -1 1 1 -1 -1 -1 -1 1 1 1 -1 -1 1 -1 -1 -1 -1 1 1 -1 -1 -1 1 -1 -1 1
ANF: 
0000000000000000011100110011001000000000000000000000000000000000000000000000000000000000000000000000000000000000000000000000000000000000000000000000000000000000000000000000000000000000000000000000000000000000000000000000000000000000000000000000000000000000
WHT: 
-14, -6, 6, 14, 2, 2, 6, -10, 2, -6, -10, -2, 18, -14, -10, -10, 14, -10, 2, -6, -2, -2, 2, 2, -2, 6, 2, 10, 14, -2, 2, 2, -2, -2, 10, -6, 6, -18, -14, -6, 6, 6, 2, 2, -2, -10, -6, 2, 2, 2, -2, -2, -6, 2, -10, -18, -6, 10, -10, -10, 2, 10, -2, 6
NL: 119.0
WEIGHT: 39
DEGREE: 4
TERMS: 8
BALANCE: False
15 25 125 235 245 1235 1245 2345 

FOR X22
TT: 
0111011011100110001100100110111011001110100100110000100010001110
SEQUENCE:
 1 -1 -1 -1 1 -1 -1 1 -1 -1 -1 1 1 -1 -1 1 1 1 -1 -1 1 1 -1 1 1 -1 -1 1 -1 -1 -1 1 -1 -1 1 1 -1 -1 -1 1 -1 1 1 -1 1 1 -1 -1 1 1 1 1 -1 1 1 1 -1 1 1 1 -1 -1 -1 1
ANF: 
0000000000000000111000000001100000000000000000000000000000000000000000000000000000000000000000000000000000000000000000000000000000000000000000000000000000000000000000000000000000000000000000000000000000000000000000000000000000000000000000000000000000000000
WHT: 
0, -12, -4, 16, 4, 8, 0, -12, 8, 4, 4, 0, -4, 8, 8, 4, -12, 8, 0, 4, -8, -4, -12, -8, -12, 0, -16, 12, 8, 4, 4, 0, -8, 4, 12, 24, -12, 0, 8, 4, 0, 4, 20, -8, -4, 0, 0, -12, 4, 0, -8, 4, 0, -4, 4, 0, 4, 8, 8, -4, 0, 4, 4, 8
NL: 116.0
WEIGHT: 32
DEGREE: 4
TERMS: 5
BALANCE: False
5 15 25 345 1245 

FOR X23
TT: 
1001101110100010000010000010110110101101011101010000000010000000
SEQUENCE:
 -1 1 1 -1 -1 1 -1 -1 -1 1 -1 1 1 1 -1 1 1 1 1 1 -1 1 1 1 1 1 -1 1 -1 -1 1 -1 -1 1 -1 1 -1 -1 1 -1 1 -1 -1 -1 1 -1 1 -1 1 1 1 1 1 1 1 1 -1 1 1 1 1 1 1 1
ANF: 
0000000000000000100111000101001100000000000000000000000000000000000000000000000000000000000000000000000000000000000000000000000000000000000000000000000000000000000000000000000000000000000000000000000000000000000000000000000000000000000000000000000000000000
WHT: 
16, -8, 0, -8, 4, -12, 4, 4, 4, -4, -4, -12, 8, 8, 0, 0, -24, 0, 8, 0, -4, -4, -4, -4, -12, -4, -4, -12, 8, -8, 0, 0, -4, -12, 4, -4, 8, 8, 0, 0, 0, 8, 0, -8, -4, 12, -4, -4, 12, -12, 4, -4, -8, 8, -16, -16, -8, 16, 8, 0, 4, 4, 4, 4
NL: 116.0
WEIGHT: 24
DEGREE: 5
TERMS: 8
BALANCE: False
5 35 125 135 145 1245 2345 12345 

FOR X24
TT: 
1010011010010110100101000000001011111001101101001001000101110000
SEQUENCE:
 -1 1 -1 1 1 -1 -1 1 -1 1 1 -1 1 -1 -1 1 -1 1 1 -1 1 -1 1 1 1 1 1 1 1 1 -1 1 -1 -1 -1 -1 -1 1 1 -1 -1 1 -1 -1 1 -1 1 1 -1 1 1 -1 1 1 1 -1 1 -1 -1 -1 1 1 1 1
ANF: 
0000000000000000011011110011011000000000000000000000000000000000000000000000000000000000000000000000000000000000000000000000000000000000000000000000000000000000000000000000000000000000000000000000000000000000000000000000000000000000000000000000000000000000
WHT: 
8, 0, 4, -4, -16, -8, 4, -20, -8, 0, -4, -12, 0, -8, -4, 4, -16, -8, -4, 4, 0, -8, 4, -4, 0, -8, 4, 12, 0, 8, -4, 20, 8, -8, -4, 12, 16, 0, -4, -20, 0, 0, -4, 12, -8, -8, 12, -4, 0, 0, 4, 4, 0, 0, -4, -4, 8, -8, 4, 4, 8, -8, -4, -4
NL: 118.0
WEIGHT: 28
DEGREE: 4
TERMS: 10
BALANCE: False
15 25 35 135 235 245 1235 1245 1345 2345 

FOR X25
TT: 
1110101110110010001110011100110010011000101001000111001111110000
SEQUENCE:
 -1 -1 -1 1 -1 1 -1 -1 -1 1 -1 -1 1 1 -1 1 1 1 -1 -1 -1 1 1 -1 -1 -1 1 1 -1 -1 1 1 -1 1 1 -1 -1 1 1 1 -1 1 -1 1 1 -1 1 1 1 -1 -1 -1 1 1 -1 -1 -1 -1 -1 -1 1 1 1 1
ANF: 
0000000000000000110111101100011000000000000000000000000000000000000000000000000000000000000000000000000000000000000000000000000000000000000000000000000000000000000000000000000000000000000000000000000000000000000000000000000000000000000000000000000000000000
WHT: 
-2, -10, 2, -6, -18, -2, 2, 2, -6, 2, 14, -10, 10, 10, -2, 14, 2, -14, -2, -2, 2, -6, -2, -10, -2, -2, -22, -6, -2, 6, -6, 2, -6, -6, -2, -2, 10, 2, -2, 6, -2, -2, 2, 2, -2, -10, 2, 10, -10, -2, 18, 10, -10, 6, -14, 2, -6, 2, -10, 14, 10, -6, -10, 6
NL: 117.0
WEIGHT: 33
DEGREE: 4
TERMS: 10
BALANCE: False
5 15 35 45 125 135 145 235 1345 2345 

FOR X26
TT: 
0001110110001000101110011010001011011010100110111000001001000100
SEQUENCE:
 1 1 1 -1 -1 -1 1 -1 -1 1 1 1 -1 1 1 1 -1 1 -1 -1 -1 1 1 -1 -1 1 -1 1 1 1 -1 1 -1 -1 1 -1 -1 1 -1 1 -1 1 1 -1 -1 1 -1 -1 -1 1 1 1 1 1 -1 1 1 -1 1 1 1 -1 1 1
ANF: 
0000000000000000010100000101111000000000000000000000000000000000000000000000000000000000000000000000000000000000000000000000000000000000000000000000000000000000000000000000000000000000000000000000000000000000000000000000000000000000000000000000000000000000
WHT: 
8, -12, -4, -16, 0, 4, -4, -8, -8, 4, 4, -8, 0, 4, 4, 0, -8, 4, -4, -16, 8, 12, 4, 0, 0, 12, -4, 16, 0, 4, 4, 0, 0, -4, 4, -8, 0, -12, 12, 8, -8, 20, 4, -8, 8, -4, 12, 8, 16, 12, -12, 8, 8, -4, 4, 0, 0, -4, 12, 0, 8, -4, -4, -8
NL: 118.0
WEIGHT: 28
DEGREE: 4
TERMS: 7
BALANCE: False
15 125 145 345 1245 1345 2345 

FOR X27
TT: 
1010001110010100011110010110101100110010110010011011100010000111
SEQUENCE:
 -1 1 -1 1 1 1 -1 -1 -1 1 1 -1 1 -1 1 1 1 -1 -1 -1 -1 1 1 -1 1 -1 -1 1 -1 1 -1 -1 1 1 -1 -1 1 1 -1 1 -1 -1 1 1 -1 1 1 -1 -1 1 -1 -1 -1 1 1 1 -1 1 1 1 1 -1 -1 -1
ANF: 
0000000000000000011001110011001100000000000000000000000000000000000000000000000000000000000000000000000000000000000000000000000000000000000000000000000000000000000000000000000000000000000000000000000000000000000000000000000000000000000000000000000000000000
WHT: 
0, -8, 8, -8, -4, -4, -4, 4, 0, -8, 16, 0, -12, 4, 12, 4, 8, 0, 0, 0, -4, -4, -4, -12, 0, -8, 16, 16, 12, -4, -12, -4, -4, 4, 4, 4, 0, 0, 0, 8, -4, 4, -4, -4, 8, -8, -16, 8, 4, -4, -4, -4, 0, -16, 0, -24, -4, -12, -4, -4, 0, 0, -8, 16
NL: 116.0
WEIGHT: 32
DEGREE: 5
TERMS: 9
BALANCE: False
15 25 135 235 245 1235 1245 2345 12345 

FOR X28
TT: 
0001111001110111001101101100001101011101111100010110110100111001
SEQUENCE:
 1 1 1 -1 -1 -1 -1 1 1 -1 -1 -1 1 -1 -1 -1 1 1 -1 -1 1 -1 -1 1 -1 -1 1 1 1 1 -1 -1 1 -1 1 -1 -1 -1 1 -1 -1 -1 -1 -1 1 1 1 -1 1 -1 -1 1 -1 -1 1 -1 1 1 -1 -1 -1 1 1 -1
ANF: 
0000000000000000100100001110011000000000000000000000000000000000000000000000000000000000000000000000000000000000000000000000000000000000000000000000000000000000000000000000000000000000000000000000000000000000000000000000000000000000000000000000000000000000
WHT: 
-10, 14, 10, 2, 2, 2, 6, 6, 2, 2, -10, 6, 14, 6, 18, -6, -6, 10, -2, -2, -2, 6, 2, -6, 6, -2, -6, -14, 10, 10, -2, -2, 2, -6, 6, 14, 6, 6, -6, -22, 6, -10, 10, -6, -6, 2, 14, -10, -2, -2, 2, 2, 10, 2, 14, 6, 2, -6, -10, -2, -2, -2, -14, 2
NL: 117.0
WEIGHT: 37
DEGREE: 4
TERMS: 7
BALANCE: False
5 45 125 145 245 1345 2345 

FOR X29
TT: 
0111110111000110000001011011011101001001000100001101011011000010
SEQUENCE:
 1 -1 -1 -1 -1 -1 1 -1 -1 -1 1 1 1 -1 -1 1 1 1 1 1 1 -1 1 -1 -1 1 -1 -1 1 -1 -1 -1 1 -1 1 1 -1 1 1 -1 1 1 1 -1 1 1 1 1 -1 -1 1 -1 1 -1 -1 1 -1 -1 1 1 1 1 -1 1
ANF: 
0000000000000000011011001001111000000000000000000000000000000000000000000000000000000000000000000000000000000000000000000000000000000000000000000000000000000000000000000000000000000000000000000000000000000000000000000000000000000000000000000000000000000000
WHT: 
4, 12, -4, 4, 0, 0, -8, -8, -4, 12, -4, -4, 8, 0, 8, 16, 4, 4, -4, -4, 0, 8, 8, 16, -12, -4, 4, -4, 0, 0, 0, 16, -12, 4, 4, 4, 8, -16, 8, 0, 12, 4, 4, -4, 0, 0, 8, 8, -12, -4, -12, 12, -8, 8, -8, -8, -12, 4, 12, -4, -8, 0, 16, -8
NL: 120.0
WEIGHT: 30
DEGREE: 4
TERMS: 9
BALANCE: False
15 25 35 45 135 345 1245 1345 2345 

FOR X30
TT: 
1110001111111000101000110001001101110101001100010011101011000000
SEQUENCE:
 -1 -1 -1 1 1 1 -1 -1 -1 -1 -1 -1 -1 1 1 1 -1 1 -1 1 1 1 -1 -1 1 1 1 -1 1 1 -1 -1 1 -1 -1 -1 1 -1 1 -1 1 1 -1 -1 1 1 1 -1 1 1 -1 -1 -1 1 -1 1 -1 -1 1 1 1 1 1 1
ANF: 
0000000000000000010111010101000100000000000000000000000000000000000000000000000000000000000000000000000000000000000000000000000000000000000000000000000000000000000000000000000000000000000000000000000000000000000000000000000000000000000000000000000000000000
WHT: 
2, -2, 18, -2, -14, -2, -6, 6, -10, -6, 6, 10, 6, -6, -2, 2, -10, 10, -2, 2, -10, -6, 6, 10, 2, 14, -6, 6, 2, -2, -14, -2, -6, -10, 2, -2, 2, -2, -14, -2, 6, -6, -2, 2, -2, -14, -18, 2, -2, -14, -18, 2, -10, 10, -2, 2, 2, -2, 18, -2, 10, 6, 2, -2
NL: 119.0
WEIGHT: 31
DEGREE: 5
TERMS: 8
BALANCE: False
15 35 125 135 145 1235 1245 12345 

FOR X31
TT: 
1100101100100001111010110001111100111101110010011011011110100011
SEQUENCE:
 -1 -1 1 1 -1 1 -1 -1 1 1 -1 1 1 1 1 -1 -1 -1 -1 1 -1 1 -1 -1 1 1 1 -1 -1 -1 -1 -1 1 1 -1 -1 -1 -1 1 -1 -1 -1 1 1 -1 1 1 -1 -1 1 -1 -1 1 -1 -1 -1 -1 1 -1 1 1 1 -1 -1
ANF: 
0000000000000000010110100101000000000000000000000000000000000000000000000000000000000000000000000000000000000000000000000000000000000000000000000000000000000000000000000000000000000000000000000000000000000000000000000000000000000000000000000000000000000000
WHT: 
-10, -6, 10, -10, 10, -10, -10, 10, -14, -2, -2, 2, -2, 2, 2, -2, 10, 6, -10, -6, -2, 2, 2, 14, -2, 2, 2, -2, 10, 6, 6, -6, 2, -2, -2, 2, 6, 10, -6, 6, -2, -14, -14, -2, -6, 6, -26, 10, 6, -6, 10, 6, -6, -10, -10, -6, -6, 6, -10, -6, 6, 10, -6, -10
NL: 115.0
WEIGHT: 37
DEGREE: 4
TERMS: 6
BALANCE: False
15 35 125 145 235 1245 

FOR X32
TT: 
0100101011011111111000010010110011100000110001010001010110111000
SEQUENCE:
 1 -1 1 1 -1 1 -1 1 -1 -1 1 -1 -1 -1 -1 -1 -1 -1 -1 1 1 1 1 -1 1 1 -1 1 -1 -1 1 1 -1 -1 -1 1 1 1 1 1 -1 -1 1 1 1 -1 1 -1 1 1 1 -1 1 -1 1 -1 -1 1 -1 -1 -1 1 1 1
ANF: 
0000000000000000100001010011110100000000000000000000000000000000000000000000000000000000000000000000000000000000000000000000000000000000000000000000000000000000000000000000000000000000000000000000000000000000000000000000000000000000000000000000000000000000
WHT: 
2, 2, -10, -2, -6, -6, -2, 6, 10, 2, 6, 6, -6, 2, -10, 6, -6, 2, -10, 6, 2, 10, -18, -2, 10, -22, -2, 6, -6, 10, 14, 6, -6, -6, -2, 6, 10, 10, -2, 6, 2, -6, -2, -2, -6, 2, -10, 6, -6, 2, 6, -10, 10, 18, 6, -10, 10, 10, -2, 6, 18, 2, 6, -2
NL: 117.0
WEIGHT: 31
DEGREE: 5
TERMS: 8
BALANCE: False
5 135 245 345 1235 1245 1345 12345 
